0.000000000000000000e+00 1.000000000000000000e+00 1.586090000000000000e+00 2.397370000000000001e+00 1.561390000000000056e+00
1.000000000000000000e+00 1.000000000000000000e+00 4.165449999999999875e+00 4.215060000000000251e+00 4.443030000000000257e+00
0.000000000000000000e+00 1.000000000000000000e+00 1.324279999999999902e+00 1.617860000000000076e+00 1.887769999999999948e+00
1.000000000000000000e+00 1.000000000000000000e+00 2.747570000000000068e+00 3.037459999999999827e+00 3.063919999999999977e+00
0.000000000000000000e+00 1.000000000000000000e+00 1.439380000000000104e+00 1.885180000000000078e+00 1.801500000000000101e+00
0.000000000000000000e+00 1.000000000000000000e+00 4.281380000000000408e+00 4.412139999999999951e+00 4.469240000000000101e+00
1.000000000000000000e+00 1.000000000000000000e+00 4.269280000000000186e+00 4.297329999999999650e+00 4.561029999999999696e+00
0.000000000000000000e+00 1.000000000000000000e+00 1.430020000000000069e+00 1.806820000000000093e+00 1.907329999999999970e+00
1.000000000000000000e+00 1.000000000000000000e+00 3.306599999999999984e+00 3.987919999999999909e+00 3.513549999999999951e+00
0.000000000000000000e+00 1.000000000000000000e+00 1.213729999999999976e+00 1.739970000000000017e+00 1.739239999999999897e+00
1.000000000000000000e+00 1.000000000000000000e+00 3.315310000000000201e+00 3.474509999999999987e+00 3.960780000000000189e+00
0.000000000000000000e+00 1.000000000000000000e+00 1.201230000000000020e+00 2.077040000000000219e+00 1.203880000000000061e+00
1.000000000000000000e+00 1.000000000000000000e+00 2.937910000000000021e+00 3.162749999999999950e+00 3.223170000000000091e+00
0.000000000000000000e+00 1.000000000000000000e+00 1.746950000000000003e+00 2.007029999999999870e+00 2.225530000000000008e+00
1.000000000000000000e+00 1.000000000000000000e+00 3.804250000000000131e+00 3.997930000000000206e+00 3.960910000000000153e+00
